3.636363636363636465e-01 2.857086961411616777e+00
7.070707070707071829e-01 2.060047596847124129e+00
1.414141414141414366e-01 1.719866477746516020e+00
1.212121212121212155e-01 1.636889991246299747e+00
3.131313131313131493e-01 2.255456273399643052e+00
6.161616161616162435e-01 2.094731663622228623e+00
6.565656565656565746e-01 1.985178779597158050e+00
3.838383838383838675e-01 2.711112800971744896e+00
8.787878787878788955e-01 1.729844456241476314e+00
7.777777777777777901e-01 1.466685537324333044e+00
2.727272727272727626e-01 2.481412244589856098e+00
3.434343434343434809e-01 2.496846140760274224e+00
9.292929292929293927e-01 1.983499352840691898e+00
9.090909090909091717e-01 1.857224453513350193e+00
8.585858585858586745e-01 1.695325775720464945e+00
6.666666666666667407e-01 1.996107835496155669e+00
6.060606060606060774e-02 1.134103446995280873e+00
2.626262626262626521e-01 2.155782335904383729e+00
1.919191919191919338e-01 1.767602530805762129e+00
5.151515151515152491e-01 2.312937944807896606e+00
5.353535353535353591e-01 2.305637379901699813e+00
3.030303030303030387e-02 1.396385835458394897e+00
5.555555555555555802e-01 2.672374830831429904e+00
1.818181818181818232e-01 2.188599041545699730e+00
9.797979797979798899e-01 2.272037140435208435e+00
1.010101010101010222e-01 1.599887956906324238e+00
5.858585858585858563e-01 2.063322679152935546e+00
5.656565656565657463e-01 2.429652486385440735e+00
5.757575757575758013e-01 2.636912099403132093e+00
5.050505050505050830e-01 2.552328178439004613e+00
