4.963715789034496284e-01 1.995207899853097899e+01
4.474224224482489243e-01 1.996434716294022138e+01
8.889133763435121960e-01 1.901177010897028197e+01
4.341173640201979600e-01 2.062309426756029040e+01
3.931593932476429298e-02 1.452633576258681636e+01
2.682820934039635841e-01 2.051810889376826452e+01
1.238525230297371493e-02 1.163658215393389384e+01
2.056731746136719607e-02 1.531607064042958655e+01
2.544807858782266452e-01 1.955087500682955692e+01
1.896778501634349690e-01 1.896719878026635087e+01
3.380338379264558046e-01 2.123676412553408355e+01
8.197255463871648828e-01 2.154392762405891659e+01
7.693417202369307040e-01 1.570340800706894058e+01
6.863132701664151902e-01 1.551698621676358947e+01
9.703871585352933371e-01 2.340811551204597407e+01
9.029535028388105955e-01 2.112876159391948505e+01
7.354973642625542984e-01 1.539116318902759240e+01
5.275166033165707979e-01 1.907798858882599546e+01
8.278368263325477372e-01 2.016152822635855912e+01
3.320873075218175874e-01 2.204221514918521763e+01
4.683522896149189263e-01 1.809139793403096519e+01
7.361331155906259971e-01 1.814443225607233501e+01
9.596432974815549688e-02 1.450670761057775948e+01
2.647367286122930263e-01 1.962711576357081356e+01
9.334953114676571850e-01 2.235730211704802173e+01
8.217724301835587220e-01 2.018926689508344907e+01
8.014842639585254558e-01 1.815183020755164023e+01
5.396031053871191974e-01 2.115089819226261625e+01
6.166894094134730553e-01 2.208248963083587313e+01
8.158286822018209206e-01 1.986970795403873069e+01
