0.000000000000000000e+00 5.914470118540614621e-03
2.040816326530612082e-02 -2.105504745842031594e-03
4.081632653061224164e-02 4.816475288068020576e-03
6.122448979591836593e-02 8.947902001949647674e-03
8.163265306122448328e-02 4.922439068027714346e-03
1.020408163265306006e-01 6.042693708706445982e-03
1.224489795918367319e-01 1.276269062811299926e-02
1.428571428571428492e-01 1.346491838409190692e-02
1.632653061224489666e-01 2.326863460889740803e-02
1.836734693877550839e-01 1.434171222725418721e-02
2.040816326530612013e-01 2.211120791944974975e-02
2.244897959183673186e-01 2.112563873092231786e-02
2.448979591836734637e-01 2.126248082884559659e-02
2.653061224489795533e-01 2.543265143961545918e-02
2.857142857142856984e-01 2.163749519463837451e-02
3.061224489795917880e-01 3.012979903501558643e-02
3.265306122448979331e-01 3.070559359594430063e-02
3.469387755102040782e-01 3.659214609669219492e-02
3.673469387755101678e-01 3.452668225841720034e-02
3.877551020408163129e-01 3.296936351236878782e-02
4.081632653061224025e-01 4.678730633955015261e-02
4.285714285714285476e-01 3.623207832926338134e-02
4.489795918367346372e-01 4.181407207534737491e-02
4.693877551020407823e-01 3.922028817055742828e-02
4.897959183673469274e-01 4.924571729470064718e-02
5.102040816326530726e-01 4.976061846923818255e-02
5.306122448979591066e-01 4.879316585071783591e-02
5.510204081632652517e-01 4.501889469601959987e-02
5.714285714285713969e-01 5.347552762005289978e-02
5.918367346938775420e-01 5.500703188907048874e-02
6.122448979591835760e-01 5.788788182857932535e-02
6.326530612244897211e-01 5.310001623220612921e-02
6.530612244897958663e-01 5.381266175722237283e-02
6.734693877551020114e-01 5.227049899537707794e-02
6.938775510204081565e-01 6.109387998018479815e-02
7.142857142857141906e-01 6.406048220252801018e-02
7.346938775510203357e-01 6.312694552307950013e-02
7.551020408163264808e-01 6.579447171359043001e-02
7.755102040816326259e-01 7.247190649706379550e-02
7.959183673469386600e-01 6.605851237360570172e-02
8.163265306122448051e-01 6.639452279996056749e-02
8.367346938775509502e-01 6.004671480855489074e-02
8.571428571428570953e-01 6.523671847008612190e-02
8.775510204081632404e-01 7.321796915042666498e-02
8.979591836734692745e-01 7.476720453658583510e-02
9.183673469387754196e-01 7.018469466885227104e-02
9.387755102040815647e-01 7.473718934593220897e-02
9.591836734693877098e-01 7.793090570899090241e-02
9.795918367346938549e-01 7.843487746475649725e-02
1.000000000000000000e+00 8.365925077029562340e-02
