8.183256324523340286e-01 1.689007011136423042e-02 1.000000000000000000e+00
8.514971403365804159e-01 6.517006226652709566e-01 1.000000000000000000e+00
9.390062869502280307e-01 1.907763789714110869e-01 1.000000000000000000e+00
1.323446231310875243e-01 5.175829609016165955e-01 0.000000000000000000e+00
1.057287844407854838e-01 3.192464587224326245e-01 0.000000000000000000e+00
9.025627764362504912e-01 6.899605794265684100e-02 1.000000000000000000e+00
3.395356931846484905e-01 4.228651283621583934e-01 1.000000000000000000e+00
5.889532162698252193e-01 6.505688276027221661e-01 0.000000000000000000e+00
4.810601433761743095e-01 9.966455909816610559e-01 0.000000000000000000e+00
2.775479285969243426e-01 1.319499727430528679e-02 1.000000000000000000e+00
4.091257241409363976e-01 2.365940341359981103e-01 0.000000000000000000e+00
2.412712068248588082e-01 4.644866735051592643e-01 0.000000000000000000e+00
7.698716072334380600e-01 3.641040367828851654e-01 0.000000000000000000e+00
8.899283842637585318e-01 6.269797986205583040e-01 1.000000000000000000e+00
6.331598490334164886e-01 9.421713945539921253e-01 1.000000000000000000e+00
6.065062126523393937e-01 9.583268843460337472e-01 1.000000000000000000e+00
1.918042732970458575e-01 8.283316495983104044e-01 1.000000000000000000e+00
6.504260388384989211e-01 6.407048074670880222e-01 1.000000000000000000e+00
4.209205631598360586e-01 1.318385469540392929e-01 0.000000000000000000e+00
9.019759025326826718e-01 9.916516600854177188e-01 1.000000000000000000e+00
2.425278910633630325e-01 4.160603734537300369e-01 0.000000000000000000e+00
2.946384035056093254e-01 3.719156116572879256e-01 0.000000000000000000e+00
3.322904414100463777e-01 7.379034786065331586e-01 0.000000000000000000e+00
4.938308299417487612e-01 9.074984572444968478e-01 0.000000000000000000e+00
3.007632567157803027e-02 7.269574903237685515e-01 1.000000000000000000e+00
5.266196525279972507e-01 7.121068964511061417e-01 0.000000000000000000e+00
7.814584672986925051e-01 3.045733964784033132e-01 0.000000000000000000e+00
7.709618362366810196e-02 9.644293290810251884e-01 1.000000000000000000e+00
1.445399594029891377e-01 5.294962472330525527e-01 0.000000000000000000e+00
4.307403826313179751e-01 8.729358446240432778e-01 0.000000000000000000e+00
3.609537484701782484e-01 5.739154997775079980e-01 1.000000000000000000e+00
4.424658057313728410e-01 4.410544649971847031e-01 1.000000000000000000e+00
8.038089652226879656e-01 7.686148028187789194e-03 1.000000000000000000e+00
1.074906333887737375e-01 3.151857507879973763e-01 0.000000000000000000e+00
4.427102143959604774e-02 3.231983278650457647e-01 0.000000000000000000e+00
9.072707607201890845e-01 6.149322652936655142e-01 1.000000000000000000e+00
4.652590245570000782e-01 9.452753458310811929e-01 0.000000000000000000e+00
4.953296592973216450e-01 5.141128944328465789e-02 0.000000000000000000e+00
9.671639639534911348e-01 3.615751195513925431e-01 0.000000000000000000e+00
1.640948632177114952e-01 6.360915705330122405e-01 1.000000000000000000e+00
8.257725992505482449e-02 8.825650050252352719e-01 1.000000000000000000e+00
6.663183024370625818e-01 3.211205589258230297e-01 0.000000000000000000e+00
9.398162535360441439e-01 9.970050218031278888e-02 1.000000000000000000e+00
6.305803360332378205e-01 9.864386565856183564e-01 1.000000000000000000e+00
3.618098916257966868e-01 4.181306527021496633e-01 1.000000000000000000e+00
6.921486444862299248e-01 3.364821344044787166e-01 0.000000000000000000e+00
4.124137622322995300e-01 1.604694681128970846e-02 0.000000000000000000e+00
4.526941661075122303e-01 2.643678799169293381e-01 0.000000000000000000e+00
4.838865329284028904e-01 8.282592750619709454e-01 0.000000000000000000e+00
2.693826523320038691e-01 5.760780445636415337e-02 1.000000000000000000e+00
6.135044004076961599e-01 3.425221217856233569e-02 1.000000000000000000e+00
9.344480352506628895e-01 2.823753882157064021e-01 1.000000000000000000e+00
9.402339281949056993e-02 9.261392905715251089e-01 1.000000000000000000e+00
8.888767077502855996e-01 9.649892611847948887e-01 1.000000000000000000e+00
7.134570122023652372e-01 5.382360329948874256e-01 0.000000000000000000e+00
7.534487644050734678e-01 5.733131766350119118e-01 0.000000000000000000e+00
5.123342385839141366e-01 7.247249707928786755e-01 0.000000000000000000e+00
1.866317411542534055e-01 3.747604775276967004e-01 0.000000000000000000e+00
7.827299002436769459e-01 3.869158134223422696e-01 0.000000000000000000e+00
2.768018656940681721e-01 3.647327377083979805e-01 0.000000000000000000e+00
4.491762120812170522e-02 2.916234122411143215e-01 1.000000000000000000e+00
9.581509014405523716e-01 4.102015230510931421e-01 0.000000000000000000e+00
8.032484519266794853e-01 6.620518900364936732e-01 1.000000000000000000e+00
3.194381142515622107e-01 1.147782468681390888e-01 0.000000000000000000e+00
6.153417867616371995e-01 5.350819009830091177e-01 0.000000000000000000e+00
1.403704169636678101e-01 3.685979882420030718e-01 0.000000000000000000e+00
9.273046123199830681e-01 9.161639329006210364e-01 1.000000000000000000e+00
1.054083631237319185e-01 3.507118227552027401e-01 0.000000000000000000e+00
6.353760789774938189e-01 9.481537670013207020e-02 1.000000000000000000e+00
7.645732906899798120e-01 7.532765365418991887e-01 1.000000000000000000e+00
4.047822511021581526e-02 2.265793506021187564e-01 1.000000000000000000e+00
1.289756204507578330e-01 7.742758928687287767e-02 1.000000000000000000e+00
6.166542558834385845e-01 4.640614399292904979e-01 0.000000000000000000e+00
8.014535903761170754e-01 7.858580331802614838e-01 1.000000000000000000e+00
8.036368530925009912e-01 8.561039227404638741e-01 1.000000000000000000e+00
3.210734159851488245e-01 3.516451542864966751e-01 1.000000000000000000e+00
6.669978899150814655e-01 4.050424694214995736e-01 0.000000000000000000e+00
5.720713539791644209e-02 3.768200167587797411e-01 0.000000000000000000e+00
3.181558111565622182e-01 3.190322539220711295e-01 1.000000000000000000e+00
9.711681918163272975e-01 1.403305661711171659e-01 1.000000000000000000e+00
7.241955709735986568e-01 6.493086358959305748e-01 1.000000000000000000e+00
2.656305022515773606e-01 7.828589758538878618e-01 1.000000000000000000e+00
2.176461992842693149e-01 3.146123863676949517e-01 0.000000000000000000e+00
3.421709835004727029e-01 1.014216204763255247e-01 0.000000000000000000e+00
5.007960570162971470e-01 5.405661965352110965e-01 1.000000000000000000e+00
9.132000293675498481e-01 6.712823363070877791e-01 1.000000000000000000e+00
8.278512505206263583e-01 6.685703384320396125e-02 1.000000000000000000e+00
9.385164696019299146e-01 3.540840257171138372e-01 0.000000000000000000e+00
3.120223544167785024e-01 1.448252013285770134e-01 0.000000000000000000e+00
6.148763323781943901e-01 2.367144634824724925e-02 1.000000000000000000e+00
8.868344649891281017e-01 9.183189691985517156e-01 1.000000000000000000e+00
6.591628169783795288e-01 6.772180666126222937e-01 1.000000000000000000e+00
2.830711435993336078e-01 6.136356577834394255e-01 1.000000000000000000e+00
4.997983029097201602e-01 2.757364882718684740e-01 0.000000000000000000e+00
1.217672592514809082e-01 7.612399279201409463e-01 1.000000000000000000e+00
5.156768842885269821e-01 9.036257570313480647e-01 0.000000000000000000e+00
5.691765773071110202e-01 5.465255646876887585e-01 1.000000000000000000e+00
1.653972754502226472e-01 2.319457646402621753e-01 1.000000000000000000e+00
2.122119966318466444e-01 7.119651010014094172e-02 1.000000000000000000e+00
4.798986039105406221e-01 3.442355743229458254e-01 1.000000000000000000e+00
6.549350400054902988e-01 5.291592307097876535e-01 0.000000000000000000e+00
5.181911982567685149e-01 2.848156533738502860e-01 0.000000000000000000e+00
5.456899932050085500e-02 8.824655381372843443e-01 1.000000000000000000e+00
2.770267051790948898e-01 2.565258595321120438e-01 1.000000000000000000e+00
8.498258825285276430e-01 7.318496428890869376e-01 1.000000000000000000e+00
7.920846364614877455e-01 6.272068645314259339e-01 1.000000000000000000e+00
8.466755739623766930e-01 5.883790839631775071e-02 1.000000000000000000e+00
6.822823882134732010e-03 6.963651281312318586e-01 1.000000000000000000e+00
3.349948254834570482e-01 7.832369406533259415e-01 0.000000000000000000e+00
6.534868730520907443e-01 8.960394758186642772e-01 1.000000000000000000e+00
4.183269528247466340e-01 6.576382036648942275e-01 0.000000000000000000e+00
8.190851688635564232e-01 5.203584766848331489e-01 0.000000000000000000e+00
9.880182324910387059e-01 1.256777458436638684e-01 1.000000000000000000e+00
7.942228667703101763e-01 9.733210787463846270e-01 1.000000000000000000e+00
9.426624100671665563e-01 9.889426787442910927e-01 1.000000000000000000e+00
6.674927607442704414e-03 6.658750703694815698e-03 1.000000000000000000e+00
8.761913651273459669e-01 1.929350980847374109e-01 1.000000000000000000e+00
8.464087366903588761e-01 7.156379759788034089e-01 1.000000000000000000e+00
1.646801006769782472e-02 3.933441992246741181e-01 0.000000000000000000e+00
5.736723702114981949e-01 5.166255950812134179e-01 1.000000000000000000e+00
5.720126039083410774e-01 6.443307590951942165e-01 0.000000000000000000e+00
1.593944470484992548e-01 2.449354959546410360e-01 1.000000000000000000e+00
5.889546964598270096e-01 3.999858797103206243e-02 0.000000000000000000e+00
8.124411548018760643e-01 4.604694900232707555e-01 0.000000000000000000e+00
7.784813448556771043e-02 3.971020738500143921e-01 0.000000000000000000e+00
4.925591342390255312e-01 5.449515232019668254e-01 1.000000000000000000e+00
6.779554227588016069e-01 7.579686259034551510e-01 1.000000000000000000e+00
8.418702058576189584e-01 2.000951497188949713e-01 1.000000000000000000e+00
6.164262403177497296e-01 2.320451058690905510e-01 1.000000000000000000e+00
4.474493703326068994e-01 3.493670426603837642e-01 1.000000000000000000e+00
3.728656600117797870e-01 9.111425104314558876e-01 0.000000000000000000e+00
8.559126915311006112e-01 6.045723781259170204e-01 1.000000000000000000e+00
8.415352932264584807e-01 1.258131096235903801e-01 1.000000000000000000e+00
5.659289789823943595e-01 7.531482457605216396e-01 0.000000000000000000e+00
8.373009663912539535e-01 9.230872801742029399e-02 1.000000000000000000e+00
4.786842050337130061e-01 4.848006704684595380e-01 1.000000000000000000e+00
4.966368805972376510e-01 8.656538012929809733e-01 0.000000000000000000e+00
7.252743442049118805e-01 3.484646202766708001e-01 0.000000000000000000e+00
3.799344920567789829e-01 9.541678033232149359e-01 0.000000000000000000e+00
4.827079324976486507e-01 1.228544786938943201e-01 0.000000000000000000e+00
8.025156306881243706e-01 3.536390823744639533e-01 0.000000000000000000e+00
5.927056906600889352e-01 4.651795101614794037e-01 1.000000000000000000e+00
9.964839937251177560e-01 2.148406780029846752e-01 1.000000000000000000e+00
6.060837821575199014e-01 4.089381921529320341e-01 0.000000000000000000e+00
9.548262927875219575e-01 1.054943729174676603e-01 1.000000000000000000e+00
2.537610418627935793e-01 6.534113509204280135e-01 1.000000000000000000e+00
5.842010009870249876e-01 3.050607990127501834e-01 1.000000000000000000e+00
4.408184144173640240e-01 8.078921606664902777e-01 0.000000000000000000e+00
5.484788884780171792e-01 5.827106533212060846e-01 1.000000000000000000e+00
4.759906426891310494e-01 1.393827132237742683e-01 0.000000000000000000e+00
4.209375390839831255e-01 7.152508212117112407e-01 0.000000000000000000e+00
2.776784703793349074e-01 7.326253179749586675e-01 1.000000000000000000e+00
6.772013695439904613e-01 7.376453549093520135e-02 1.000000000000000000e+00
7.292794440674591483e-01 3.609979074810081290e-01 0.000000000000000000e+00
7.260134307344512372e-03 7.560834880326355867e-01 1.000000000000000000e+00
7.310320478972472946e-01 7.196867771664040569e-01 1.000000000000000000e+00
9.724462745719992807e-01 7.327460436296979740e-01 1.000000000000000000e+00
3.871955595187092092e-01 4.397694438279814433e-01 1.000000000000000000e+00
9.334894845543412201e-01 1.964939644502843308e-01 1.000000000000000000e+00
3.046178813376408945e-01 9.349972656937486359e-01 0.000000000000000000e+00
2.924403731115033933e-01 8.303963738653714621e-01 1.000000000000000000e+00
8.220159005068484737e-01 4.282977740629940744e-01 0.000000000000000000e+00
6.695373238782876824e-01 4.267760119461110335e-01 0.000000000000000000e+00
1.944799918258789395e-01 7.498544148838043322e-01 1.000000000000000000e+00
8.787777100991044366e-01 1.717827766405878309e-01 1.000000000000000000e+00
8.167978604148781185e-01 9.215805247860981986e-01 1.000000000000000000e+00
7.321934707174883039e-01 9.148386905717585948e-01 1.000000000000000000e+00
9.644029363859960569e-01 6.697987369714188954e-01 1.000000000000000000e+00
2.490643600884023812e-03 5.017685251256944756e-01 0.000000000000000000e+00
5.295091973875998281e-01 8.030820376617482381e-01 0.000000000000000000e+00
8.188858553007817287e-01 7.572932166092605222e-02 1.000000000000000000e+00
4.389095565467487914e-01 2.698938094136132948e-01 0.000000000000000000e+00
3.256667599925308076e-01 9.562050005109012929e-01 0.000000000000000000e+00
3.712408564645153231e-02 3.094320411378115310e-02 1.000000000000000000e+00
8.904660867965069615e-01 2.056101380871308004e-01 1.000000000000000000e+00
4.742548727471265213e-01 7.117578255269310095e-01 0.000000000000000000e+00
1.542121644831562222e-01 5.635938229005256206e-01 0.000000000000000000e+00
4.275712603168640991e-01 4.817041333991165519e-01 1.000000000000000000e+00
2.205708393226786246e-01 9.750220164734099138e-01 1.000000000000000000e+00
8.398467718615716393e-01 9.828164502353508025e-01 1.000000000000000000e+00
9.015879300962926779e-01 9.055931351931001405e-02 1.000000000000000000e+00
6.514620466184822822e-01 9.361040751220348621e-01 1.000000000000000000e+00
6.707726704250985827e-01 5.180008473782016232e-02 1.000000000000000000e+00
5.216071969504570971e-01 9.385300266926567270e-01 0.000000000000000000e+00
8.763187118176117840e-01 5.146541501217138936e-02 1.000000000000000000e+00
8.583768635816463322e-01 4.943948262621498113e-01 0.000000000000000000e+00
8.522235443028548518e-01 2.794190229580407747e-01 1.000000000000000000e+00
7.176766148874681450e-01 2.874337655671170833e-01 1.000000000000000000e+00
9.062283627846461354e-01 3.074000863814165818e-01 0.000000000000000000e+00
3.682575689954177278e-01 3.020629575172766312e-01 1.000000000000000000e+00
3.538191259575261816e-01 4.377805288412135454e-01 1.000000000000000000e+00
1.813397030010222011e-02 6.114022285425375625e-01 1.000000000000000000e+00
2.987517293373199712e-01 7.046362145426170454e-01 1.000000000000000000e+00
7.003144132829253188e-01 9.031628357261537454e-01 1.000000000000000000e+00
2.173064669408952820e-01 7.616073049346356871e-01 1.000000000000000000e+00
1.193156633174948800e-01 5.057821999122253942e-01 0.000000000000000000e+00
8.271658849850618278e-01 1.006880073565411537e-01 1.000000000000000000e+00
5.944395607646127955e-01 7.716340912418288012e-01 0.000000000000000000e+00
4.178083550820009817e-01 2.580626748150293137e-01 0.000000000000000000e+00
5.462634202581161391e-01 4.388312760106445332e-01 1.000000000000000000e+00
8.667057825998549792e-01 7.106496466484518715e-01 1.000000000000000000e+00
8.635046561366785944e-01 7.764648146894793657e-01 1.000000000000000000e+00
3.253707992871609500e-01 4.727296127669421422e-01 1.000000000000000000e+00
2.460105479080183510e-01 3.734001865001178588e-01 0.000000000000000000e+00
5.205536759151605519e-01 9.413355144634923954e-01 0.000000000000000000e+00
8.984171519436892073e-01 5.522967319503470085e-01 0.000000000000000000e+00
4.648491194376563884e-01 5.629042482015652604e-01 1.000000000000000000e+00
7.260131709570171177e-01 3.912084123530468194e-01 0.000000000000000000e+00
5.324383055375223606e-01 4.856529197261216790e-01 1.000000000000000000e+00
4.882232532749508636e-02 3.993048277321066264e-01 0.000000000000000000e+00
2.899933666044388625e-01 5.235191413725436282e-01 0.000000000000000000e+00
2.458852298419466065e-01 3.750217298813768307e-01 0.000000000000000000e+00
3.289057226373822695e-01 4.143783342741497178e-01 1.000000000000000000e+00
5.973293183071637369e-01 4.883168027288044000e-01 1.000000000000000000e+00
5.980030563683284006e-01 3.926114026364305731e-01 1.000000000000000000e+00
1.331434180302816239e-01 9.205978035701766204e-01 1.000000000000000000e+00
7.503327484222076516e-01 2.299461631442986098e-01 1.000000000000000000e+00
9.802113092699853425e-01 3.048975256423842595e-01 0.000000000000000000e+00
2.040479348471375687e-01 9.172532495941979613e-01 1.000000000000000000e+00
5.641806185690171338e-01 8.191747876191153299e-01 0.000000000000000000e+00
2.262503885384382629e-01 6.982586399115582321e-01 1.000000000000000000e+00
1.704970020166829414e-02 4.374036892526799170e-01 0.000000000000000000e+00
4.967940625637941032e-01 3.433723250593156973e-02 0.000000000000000000e+00
4.257731493151133417e-01 7.417025296389221367e-01 0.000000000000000000e+00
6.062133000207649003e-01 6.277119709505144529e-01 1.000000000000000000e+00
3.360926371677765978e-01 2.853800744278024437e-01 0.000000000000000000e+00
2.024878166064566498e-01 3.525076212404567588e-01 0.000000000000000000e+00
2.722770075424246761e-01 1.148372754250781558e-01 1.000000000000000000e+00
8.861299854747894944e-01 1.836796697553559898e-01 1.000000000000000000e+00
6.082562450911124241e-01 9.467085789993863187e-01 1.000000000000000000e+00
3.539311675791122491e-01 6.713453500501319615e-01 0.000000000000000000e+00
1.788062494972419980e-02 3.788665452035527847e-01 0.000000000000000000e+00
4.004135688660642733e-01 4.913111464280727203e-01 1.000000000000000000e+00
9.887820073871892435e-01 9.974141619619136812e-01 1.000000000000000000e+00
5.872645139020508109e-01 8.713585029593889919e-01 0.000000000000000000e+00
9.059935550281077443e-01 8.036043176912623931e-01 1.000000000000000000e+00
5.972145619845640185e-01 6.506622166612574532e-03 0.000000000000000000e+00
7.115302685262947513e-01 7.355882998345054657e-01 1.000000000000000000e+00
2.335808424359682167e-01 6.575648007727232791e-01 1.000000000000000000e+00
9.582683514754993803e-01 6.423082156457338154e-02 1.000000000000000000e+00
5.044040970298259152e-01 3.867277820815543388e-01 1.000000000000000000e+00
9.942566511156205600e-01 6.584420454843443737e-01 1.000000000000000000e+00
4.010917961039484059e-01 5.725893796434753380e-01 1.000000000000000000e+00
2.683846434783685453e-01 9.993250616511446527e-01 1.000000000000000000e+00
5.977839334879037070e-01 2.954621674092039463e-02 0.000000000000000000e+00
3.866374776979301098e-01 4.127572684138236525e-02 0.000000000000000000e+00
7.495268021394004831e-01 9.964819598229575082e-01 1.000000000000000000e+00
4.250576001263675074e-01 1.552324750903463224e-01 0.000000000000000000e+00
9.344553926898133689e-01 4.102796976598819256e-01 0.000000000000000000e+00
2.065619147471202677e-01 8.957434443534786350e-01 1.000000000000000000e+00
2.939818052392295655e-02 5.030436152098696212e-01 0.000000000000000000e+00
3.270155329056277926e-01 4.229875966500318274e-02 0.000000000000000000e+00
3.428715946332405728e-01 7.461928274297580099e-01 0.000000000000000000e+00
2.131388865370120733e-03 6.138995017901438533e-02 1.000000000000000000e+00
6.570977893349785326e-01 7.943125929488777937e-01 1.000000000000000000e+00
9.242304723423366841e-01 4.911553535115229518e-01 0.000000000000000000e+00
2.026002032700893185e-01 2.403075573436108670e-04 1.000000000000000000e+00
6.791451675963059431e-01 7.565417158884528703e-01 1.000000000000000000e+00
4.447994279984758270e-01 2.834160376598640063e-01 0.000000000000000000e+00
5.896916271038313839e-01 2.116367873612969852e-01 0.000000000000000000e+00
9.312068262782124961e-02 5.231866099852803265e-01 0.000000000000000000e+00
9.529216505454539687e-01 3.704448063353660281e-02 1.000000000000000000e+00
1.550224916759002092e-01 7.769219632947862442e-01 1.000000000000000000e+00
3.028701423830031381e-01 5.386378161937561693e-01 1.000000000000000000e+00
1.988884334211050708e-01 6.376004458717395851e-01 1.000000000000000000e+00
5.625939956943361020e-01 6.527590530995232010e-01 0.000000000000000000e+00
9.480133457347628134e-02 1.184046820852133752e-01 1.000000000000000000e+00
4.532449316190486632e-01 5.927522526864051899e-01 1.000000000000000000e+00
7.773167899613974141e-01 1.291604750060539875e-01 1.000000000000000000e+00
2.828263105272822431e-01 7.629564387824322447e-01 1.000000000000000000e+00
8.041681983920204724e-01 3.494621026447577439e-01 0.000000000000000000e+00
6.418794653638982828e-01 9.849233384496903776e-01 1.000000000000000000e+00
7.291846566573563226e-01 2.862410619601352124e-03 1.000000000000000000e+00
2.042682662478345623e-02 3.568082223658656238e-01 0.000000000000000000e+00
4.567050385591761019e-01 6.054396858614814469e-01 0.000000000000000000e+00
4.523064880772400542e-01 8.649916403385859986e-03 0.000000000000000000e+00
5.826858975999540391e-01 4.646709150921518594e-01 1.000000000000000000e+00
1.652324942823238940e-01 3.197929713327604118e-01 0.000000000000000000e+00
4.338309848639932964e-01 5.215405799827343980e-02 0.000000000000000000e+00
2.708295896063088737e-01 8.643757178327420299e-01 1.000000000000000000e+00
3.696557625891339072e-02 7.802201027862577520e-01 1.000000000000000000e+00
6.088012526320571993e-01 5.297931760085631270e-01 0.000000000000000000e+00
5.967563662336308195e-01 1.982928544062522169e-01 0.000000000000000000e+00
7.983867706999212555e-01 9.525851099454636373e-01 1.000000000000000000e+00
7.347283511255492394e-01 6.250763780214566578e-01 1.000000000000000000e+00
9.219304389331082206e-01 8.497503495189391298e-01 1.000000000000000000e+00
5.574660663141662864e-01 3.546346595314380234e-01 1.000000000000000000e+00
7.741508866052455584e-01 5.768895127264298539e-01 0.000000000000000000e+00
6.973282798182646181e-01 4.658183977509877671e-02 1.000000000000000000e+00
4.996353414212708621e-01 3.768250187870453294e-01 1.000000000000000000e+00
9.695050114997781909e-01 1.204037463513202288e-01 1.000000000000000000e+00
2.668479128272416290e-02 7.795135004299977854e-01 1.000000000000000000e+00
2.593803562476623137e-01 8.621628342840461645e-01 1.000000000000000000e+00
8.783356506854356205e-02 6.623159881070408428e-01 1.000000000000000000e+00
4.020966847733842275e-01 9.338943807223768490e-01 0.000000000000000000e+00
8.848586283627541960e-01 2.354113992599052851e-01 1.000000000000000000e+00
6.571381168104294401e-01 4.540633168830318089e-01 0.000000000000000000e+00
2.309916688439481725e-01 6.127472823507557065e-01 1.000000000000000000e+00
1.922986108914301884e-01 3.098487571314397782e-01 0.000000000000000000e+00
7.424798702622890101e-01 4.951921310311915292e-01 0.000000000000000000e+00
1.946710979016584853e-01 9.852941239505207394e-01 1.000000000000000000e+00
9.698703939786412764e-01 9.223507341176008234e-01 1.000000000000000000e+00
7.586550613304282598e-01 1.321673451118332565e-01 1.000000000000000000e+00
2.492718982860993027e-01 6.683501196914305442e-01 1.000000000000000000e+00
4.278044476486109193e-02 7.416604843621538157e-01 1.000000000000000000e+00
6.141337161242370613e-01 8.205617290396969299e-01 1.000000000000000000e+00
8.883279376197581456e-01 2.932586478348063741e-01 1.000000000000000000e+00
8.976470778980635279e-01 8.059094907433820287e-01 1.000000000000000000e+00
9.741986418255723645e-01 5.824441010300599464e-01 0.000000000000000000e+00
5.822866768153582839e-01 1.845156592981354038e-01 0.000000000000000000e+00
6.987726694962400620e-01 4.253072009135094866e-01 0.000000000000000000e+00
3.796618693990012616e-01 4.638757791706628053e-01 1.000000000000000000e+00
8.409631823044145804e-01 6.285881351569322373e-01 1.000000000000000000e+00
5.839984909251181300e-01 2.900838842570857556e-01 0.000000000000000000e+00
1.776140253755319476e-01 4.027455719149535263e-01 0.000000000000000000e+00
9.149569601317750767e-01 6.557211191230797320e-01 1.000000000000000000e+00
2.616722173022434372e-01 2.841573815581588391e-03 1.000000000000000000e+00
8.407904195203227404e-01 5.243102371648911131e-02 1.000000000000000000e+00
7.892109483802248748e-01 5.802959470868640501e-02 1.000000000000000000e+00
2.866218436095457900e-02 4.368222496744749161e-01 0.000000000000000000e+00
6.203579570360888695e-01 9.666836351410397210e-01 1.000000000000000000e+00
5.473958847133992833e-01 2.334095259077394457e-01 0.000000000000000000e+00
8.050985107520004513e-01 7.122760030130738107e-01 1.000000000000000000e+00
6.573721550362646715e-01 6.694498220164123437e-01 1.000000000000000000e+00
9.094978668676145794e-01 3.393081874820571553e-01 0.000000000000000000e+00
5.317986253528635965e-01 8.786891608890645688e-02 0.000000000000000000e+00
4.927889406377777837e-01 8.584255442851710383e-01 0.000000000000000000e+00
9.614731055528592529e-01 6.218400214687958005e-02 1.000000000000000000e+00
9.611870786890448493e-01 1.485867629531264500e-01 1.000000000000000000e+00
1.351882519533230687e-01 8.546452912200154239e-01 1.000000000000000000e+00
9.026068437271383971e-01 7.261046424207554528e-01 1.000000000000000000e+00
2.233646033535185982e-01 4.979502238242751178e-01 0.000000000000000000e+00
2.333210678589739961e-01 8.717206194998919910e-01 1.000000000000000000e+00
7.406922725241132932e-01 5.294975422847132407e-01 0.000000000000000000e+00
7.412221973881816250e-01 7.397801994894456223e-01 1.000000000000000000e+00
2.679894333003499662e-01 3.339550050632745792e-01 0.000000000000000000e+00
6.206158324370125712e-02 3.669600643642783044e-01 0.000000000000000000e+00
7.635457716208516876e-01 6.509562845481915438e-01 1.000000000000000000e+00
1.554221256255807759e-01 9.450544217521795742e-01 1.000000000000000000e+00
6.410197314366733456e-01 5.423545077558161731e-01 0.000000000000000000e+00
8.135802104135190227e-01 8.699320311896535651e-01 1.000000000000000000e+00
7.158382125321497425e-01 7.778941323501129546e-01 1.000000000000000000e+00
8.041640811719656945e-01 5.297051349259185304e-02 1.000000000000000000e+00
8.571590725114989207e-01 5.592407526792890771e-01 0.000000000000000000e+00
8.890099712039500890e-02 9.809702921242992035e-01 1.000000000000000000e+00
5.843831465276940751e-01 5.971662062278221272e-01 1.000000000000000000e+00
1.948642527372778099e-01 5.405291367121349833e-01 0.000000000000000000e+00
1.779113224811659233e-01 5.925353419483246897e-01 0.000000000000000000e+00
8.357486348728181413e-01 8.918033092458920175e-01 1.000000000000000000e+00
6.421777473489775900e-01 3.412102088001904843e-01 0.000000000000000000e+00
6.666126424430568465e-01 7.874425356224663552e-01 1.000000000000000000e+00
1.371258617311117423e-01 9.323014125833088972e-01 1.000000000000000000e+00
8.812419704440840329e-01 9.008495124469123594e-01 1.000000000000000000e+00
7.688603014995177842e-01 4.252218016281021917e-01 0.000000000000000000e+00
6.047829900254260149e-01 7.088618615970869730e-01 1.000000000000000000e+00
3.111950306742233829e-01 3.267007622956313861e-01 1.000000000000000000e+00
2.855151071089286896e-01 9.063074680976559439e-01 1.000000000000000000e+00
7.418463910593882105e-01 4.122257477790287616e-01 0.000000000000000000e+00
2.011446504240187449e-01 1.313915954623740001e-01 1.000000000000000000e+00
3.384690747303690239e-01 6.125369727557772315e-01 0.000000000000000000e+00
1.098005532563878228e-01 1.812379349275454743e-01 1.000000000000000000e+00
9.728378893748008682e-01 2.353919051938060392e-01 1.000000000000000000e+00
7.273596713212465703e-01 9.383980808245904193e-01 1.000000000000000000e+00
4.978057597706310178e-01 9.105310967037889558e-01 0.000000000000000000e+00
9.641634951441071522e-01 3.018608775774702657e-01 0.000000000000000000e+00
9.475059622548548388e-01 2.014203276416660637e-01 1.000000000000000000e+00
4.130055191356587496e-01 5.502655144533019627e-01 1.000000000000000000e+00
4.911486457368011704e-01 9.013278464883225372e-01 0.000000000000000000e+00
6.782218411681217862e-02 9.071241020561330304e-01 1.000000000000000000e+00
8.805559629246506592e-01 4.871969573675829501e-01 0.000000000000000000e+00
4.041665765880687600e-01 6.114989177696166234e-01 0.000000000000000000e+00
3.079714226922288800e-01 7.808047666886553939e-01 0.000000000000000000e+00
2.521919073517302490e-01 6.317894617135181301e-01 1.000000000000000000e+00
2.247253972978681125e-01 9.179299679725629879e-01 1.000000000000000000e+00
1.288692463547370659e-01 5.011673761843673525e-01 0.000000000000000000e+00
9.731175485413254833e-01 7.138994857357380264e-01 1.000000000000000000e+00
8.104226260698699225e-02 7.070364605655525825e-01 1.000000000000000000e+00
2.505121594227347481e-01 1.775197871015495865e-01 1.000000000000000000e+00
8.157614508957329313e-01 1.510230843549736912e-01 1.000000000000000000e+00
3.609665100753250977e-01 1.573763402781463983e-01 0.000000000000000000e+00
1.466774448692944599e-01 7.489884077145692043e-02 1.000000000000000000e+00
4.262363363737043942e-01 7.212672774583982482e-01 0.000000000000000000e+00
2.544787670458831252e-01 2.215997929460378213e-01 1.000000000000000000e+00
8.690982497313012312e-01 7.913575932070215924e-02 1.000000000000000000e+00
5.866021390745854713e-01 3.335572481067170525e-01 1.000000000000000000e+00
2.125132581405442256e-01 5.048816743477997360e-01 0.000000000000000000e+00
7.143592978359595280e-01 4.228135253171516617e-02 1.000000000000000000e+00
8.114204614980642383e-01 7.116395301587582489e-01 1.000000000000000000e+00
3.610225967549773873e-02 7.315954142383962466e-01 1.000000000000000000e+00
9.265235583972782907e-01 2.156146880863740734e-01 1.000000000000000000e+00
4.143330970605647590e-01 7.218290251663131984e-01 0.000000000000000000e+00
3.270079806430163938e-01 2.161018190854402388e-02 0.000000000000000000e+00
5.781416173879575515e-01 6.330875888644993399e-02 0.000000000000000000e+00
5.476878177257058500e-01 2.575121432049406467e-01 0.000000000000000000e+00
2.519347963931897194e-01 9.875486581719448154e-01 1.000000000000000000e+00
7.606770738324916126e-01 8.854257949298562913e-01 1.000000000000000000e+00
5.117539245914332069e-01 5.040226389583137845e-01 1.000000000000000000e+00
7.182752002935695046e-01 4.718790182906688058e-01 0.000000000000000000e+00
7.525648566359722791e-01 4.343655888495413508e-01 0.000000000000000000e+00
3.426601571867705642e-01 2.483377364672977317e-01 0.000000000000000000e+00
2.867697860772632223e-01 9.268603089643742132e-01 1.000000000000000000e+00
7.983016110840222002e-01 8.992814289535064898e-01 1.000000000000000000e+00
7.483081213268220067e-01 5.629015847714977649e-01 0.000000000000000000e+00
4.122525001495861430e-01 1.230202244576916737e-02 0.000000000000000000e+00
1.576286537363469353e-02 5.559540970788269254e-01 0.000000000000000000e+00
1.700136087511909810e-01 7.391643179329562274e-01 1.000000000000000000e+00
7.528768716990401622e-01 7.273878319070821163e-01 1.000000000000000000e+00
8.139627772113775528e-01 4.598452469732894343e-01 0.000000000000000000e+00
7.333075118915629576e-01 6.266433574608865076e-02 1.000000000000000000e+00
7.311399765810334683e-01 2.877846503075931484e-01 1.000000000000000000e+00
1.730009792272608760e-01 1.427356213898778314e-01 1.000000000000000000e+00
2.705093963460122319e-01 4.296152339844406809e-01 0.000000000000000000e+00
3.762049907437847729e-02 7.698406797633552401e-01 1.000000000000000000e+00
9.989390502458720400e-01 4.662440209137060920e-01 0.000000000000000000e+00
2.144716648167894757e-01 5.535551146188468774e-01 0.000000000000000000e+00
1.737586329241177507e-01 5.457384506652431799e-01 0.000000000000000000e+00
5.687906439803968039e-01 3.417999680065147983e-01 1.000000000000000000e+00
9.309749841389125535e-02 7.031934468668835647e-01 1.000000000000000000e+00
7.225501452794462764e-01 2.253528282593636467e-01 1.000000000000000000e+00
8.989048556662847522e-01 5.306022299881205662e-01 0.000000000000000000e+00
6.873371899687330533e-01 9.590527854592673096e-01 1.000000000000000000e+00
1.039094402580045262e-01 4.857979493343026478e-01 0.000000000000000000e+00
5.961421794285678422e-01 2.014012736362147393e-05 0.000000000000000000e+00
7.876175730671624020e-01 2.080350553081680154e-01 1.000000000000000000e+00
9.123902813673273604e-01 5.296294486918020628e-01 0.000000000000000000e+00
1.135048509490070856e-01 7.295388314091638682e-01 1.000000000000000000e+00
5.150521411171216091e-01 1.501191832505422985e-01 0.000000000000000000e+00
6.665797513109721351e-01 2.353005646525528904e-01 1.000000000000000000e+00
4.183939898639844612e-01 1.005078448804412883e-01 0.000000000000000000e+00
1.978637986608675625e-01 1.170328499237875963e-01 1.000000000000000000e+00
4.360616762248048506e-01 7.369852079120933208e-01 0.000000000000000000e+00
9.268220901295083358e-01 6.576545928183918921e-01 1.000000000000000000e+00
5.942943926991325343e-01 1.312533621485630908e-01 0.000000000000000000e+00
4.099864945279342310e-01 3.508862008794809695e-01 1.000000000000000000e+00
8.408635823798654707e-01 2.713550019154297166e-01 1.000000000000000000e+00
4.753912053149463857e-01 1.687238768022611968e-01 0.000000000000000000e+00
3.384320934148895565e-01 6.478935084653932863e-01 0.000000000000000000e+00
4.534389966903911162e-01 1.016788820673636407e-01 0.000000000000000000e+00
5.600296392193463424e-01 9.278739057407878743e-01 0.000000000000000000e+00
6.981729960033561388e-01 7.992841935626532335e-01 1.000000000000000000e+00
2.589257392286045123e-01 2.009779834065378301e-01 1.000000000000000000e+00
4.234931634488237062e-02 6.539267625748298451e-01 1.000000000000000000e+00
9.026935760378116402e-01 1.306365253927670445e-01 1.000000000000000000e+00
4.681902987634339874e-01 2.999470224393185891e-02 0.000000000000000000e+00
1.716640084370222308e-01 1.680464293231642703e-01 1.000000000000000000e+00
2.594628712262203596e-02 7.966497130878331667e-01 1.000000000000000000e+00
4.882710121948385940e-01 7.106826861057448097e-01 0.000000000000000000e+00
4.651175213757841043e-01 1.521611899745313190e-01 0.000000000000000000e+00
6.888225159182258528e-01 1.469486711839684823e-02 1.000000000000000000e+00
6.124301802653605575e-01 1.657884743194468768e-01 1.000000000000000000e+00
2.470808814244568330e-01 2.315200949509976791e-02 1.000000000000000000e+00
8.882801662073241955e-01 9.650220266924284251e-01 1.000000000000000000e+00
8.268750065210689337e-01 5.961479941074997457e-01 0.000000000000000000e+00
4.531163500528097021e-01 6.457910147949802449e-01 0.000000000000000000e+00
9.631575413693830301e-01 4.511968024668283617e-01 0.000000000000000000e+00
8.392472567809781125e-01 5.505866283113106663e-01 0.000000000000000000e+00
4.653945542568482807e-01 1.068391467222851166e-01 0.000000000000000000e+00
2.506610452983596415e-01 6.376284126516174044e-02 1.000000000000000000e+00
1.713266883702990739e-01 7.885879102163373400e-02 1.000000000000000000e+00
8.935785139681899913e-01 7.989406590747664128e-01 1.000000000000000000e+00
8.340321607734867415e-01 4.911887340299855298e-01 0.000000000000000000e+00
3.758819275925689984e-01 5.693274591371434434e-01 1.000000000000000000e+00
6.531484401284575192e-01 9.686232914686621065e-03 1.000000000000000000e+00
5.712211541084095678e-01 8.700364290163467018e-01 0.000000000000000000e+00
4.575453121216589425e-01 4.984917070661724070e-01 1.000000000000000000e+00
4.405424796180937852e-01 8.738786208933749799e-01 0.000000000000000000e+00
9.535722156937610494e-01 7.272220846983759035e-01 1.000000000000000000e+00
7.238900145223738924e-01 3.434498320272351135e-01 0.000000000000000000e+00
6.828573244110256457e-01 2.925688623705321456e-01 1.000000000000000000e+00
1.094882137984320991e-01 8.051570310467230929e-01 1.000000000000000000e+00
8.814864513881280894e-01 3.388270531984849399e-01 0.000000000000000000e+00
4.675529418719932551e-01 1.014952830161008901e-02 0.000000000000000000e+00
1.723346837395848263e-01 4.018540445072290579e-01 0.000000000000000000e+00
7.502157357558391082e-01 1.961449643715621471e-01 1.000000000000000000e+00
1.437064706351898202e-01 3.127441048290570125e-01 0.000000000000000000e+00
2.755145263047681370e-01 7.893976803676425735e-01 1.000000000000000000e+00
4.573177238279328982e-01 5.603048812700686110e-01 1.000000000000000000e+00
8.284533048740834182e-01 1.378862726199636679e-01 1.000000000000000000e+00
4.565784142558938496e-01 5.428793171055603661e-01 1.000000000000000000e+00
6.298386294720151879e-01 3.387281211080331866e-01 0.000000000000000000e+00
6.062027798965701209e-01 4.122753547558615228e-01 0.000000000000000000e+00
6.425297436002775919e-01 4.417024509409338551e-01 0.000000000000000000e+00
6.635778088331339974e-01 5.141843013015502395e-01 0.000000000000000000e+00
7.321775281728265528e-01 7.255350204988152418e-01 1.000000000000000000e+00
8.461530563080712497e-01 7.543457164342116661e-01 1.000000000000000000e+00
9.410498826934894367e-01 3.361227492124070348e-01 0.000000000000000000e+00
2.992354315429966993e-01 3.576064673847778597e-02 1.000000000000000000e+00
1.316842222972928189e-01 1.856448169654528746e-01 1.000000000000000000e+00
9.204425213219216140e-01 6.013128957119535656e-01 1.000000000000000000e+00
3.004249640866331061e-01 4.666674812730088329e-01 1.000000000000000000e+00
9.681425409256855241e-01 3.381187995914479716e-01 0.000000000000000000e+00
8.734669385964394239e-01 1.568452498869287171e-01 1.000000000000000000e+00
4.675552492745206346e-01 7.076138321511011853e-01 0.000000000000000000e+00
7.635507139995344472e-01 5.728937749628353338e-01 0.000000000000000000e+00
9.657117473086007653e-01 8.426288793500351648e-01 1.000000000000000000e+00
8.650366833403984046e-01 3.128945228124999645e-01 0.000000000000000000e+00
5.060122842304844992e-01 2.550788816858985397e-01 0.000000000000000000e+00
2.590880150031769080e-01 9.152270097709830354e-01 1.000000000000000000e+00
9.733473742608953483e-01 4.178929289310479023e-01 0.000000000000000000e+00
8.513579146596789160e-01 6.015721316797666418e-01 1.000000000000000000e+00
