0.000000000000000000e+00 9.659827558457618757e-01
1.111111111111111049e-01 2.009749204311777504e+00
2.222222222222222099e-01 1.655480714779292928e+00
3.333333333333333148e-01 6.079341562813392885e-01
4.444444444444444198e-01 -1.101262581311438504e-01
5.555555555555555802e-01 -1.139294276739400091e+00
6.666666666666666297e-01 -1.754633480191268413e+00
7.777777777777776791e-01 -1.645642277495407590e+00
8.888888888888888395e-01 -5.863028295605152707e-01
1.000000000000000000e+00 1.251675604863436764e+00
